     0/299     4.56G    0.1095   0.03407   0.05716    0.2007         8       640         0         0  0.001608 0.0002485    0.1076   0.03298   0.05636
     1/299     6.07G    0.1005   0.03487   0.05163     0.187        11       640         0         0   0.01754  0.003293   0.09873   0.03279   0.04969
     2/299     6.07G   0.09088   0.03722   0.04487     0.173        16       640         0         0    0.1253   0.02541   0.08883   0.03381   0.03816
     3/299     6.07G   0.08158   0.03819   0.03696    0.1567        12       640    0.1891    0.1608    0.1819   0.05638   0.08253   0.03336   0.03055
     4/299     6.07G   0.07282   0.04042   0.03089    0.1441        13       640   0.04345    0.2155    0.1946   0.08052   0.07721   0.03492   0.02586
     5/299     6.07G    0.0674    0.0386   0.02555    0.1315        12       640   0.07271    0.2155    0.1234   0.02153   0.07608   0.03301   0.02207
     6/299     6.07G   0.06568   0.03649   0.02145    0.1236        11       640    0.3179    0.2237    0.2351   0.07474   0.06782   0.03318   0.02031
     7/299     6.07G   0.06428   0.03495   0.01653    0.1158        13       640    0.1193    0.2792    0.2308   0.08411   0.07332    0.0296   0.01694
     8/299     6.07G   0.06434   0.03135   0.01307    0.1088        12       640    0.2557     0.293    0.2547    0.1246   0.06512   0.03072   0.01579
     9/299     6.07G   0.06076   0.03123   0.01034    0.1023        11       640     0.151    0.3019    0.2304   0.05804   0.07166     0.028   0.01374
    10/299     6.07G   0.05986    0.0308  0.008307   0.09896        18       640     0.164    0.3512    0.2544   0.06743   0.06233   0.02957   0.01098
    11/299     6.07G   0.05876   0.02927   0.00701   0.09504         8       640    0.1838    0.3471    0.2623    0.1177   0.06444   0.02721  0.009429
    12/299     6.07G    0.0568   0.02701   0.00652   0.09033         9       640    0.4831     0.371    0.3404    0.1315   0.05138   0.02817  0.007909
    13/299     6.07G   0.05572   0.02717  0.005674   0.08856         8       640    0.4203    0.4144    0.3951    0.1738   0.05379   0.02637  0.007284
    14/299     6.07G   0.05373   0.02645   0.00594   0.08611        10       640    0.2877    0.4834    0.3903     0.167     0.049    0.0268  0.006215
    15/299     6.07G   0.05131   0.02609  0.005407   0.08281         8       640    0.2375    0.5875    0.3604    0.1148   0.05379   0.02538  0.005704
    16/299     6.07G   0.05159   0.02475  0.004897   0.08124         8       640    0.2519    0.6282    0.4183    0.1423   0.05157   0.02526  0.005109
    17/299     6.07G   0.05087   0.02462    0.0051   0.08059        12       640    0.2485    0.5723    0.3749    0.1469   0.05712    0.0243  0.004734
    18/299     6.07G   0.05098   0.02476  0.004765   0.08051        12       640    0.2311    0.6178    0.3901   0.09029   0.05764    0.0238  0.004864
    19/299     6.07G    0.0547   0.02377  0.005222    0.0837        13       640    0.3244    0.6714    0.5019    0.1696   0.05143   0.02391  0.005039
    20/299     6.07G   0.05331   0.02412  0.005131   0.08255         6       640    0.3015    0.6234    0.4952    0.1872   0.04973   0.02439  0.004598
    21/299     6.07G   0.05083   0.02469  0.004741   0.08026         8       640    0.2605    0.6321    0.4384    0.1471   0.05587   0.02269   0.00449
    22/299     6.07G   0.05106   0.02438  0.004968    0.0804        15       640    0.2569    0.4206    0.3183    0.1082   0.05884    0.0289  0.009244
    23/299     6.07G   0.05044   0.02321  0.004549    0.0782        11       640    0.3391    0.6344    0.5087    0.1974   0.04728   0.02469  0.005875
    24/299     6.07G   0.04772   0.02402    0.0045   0.07624        12       640     0.272     0.565    0.4279    0.1298   0.05076    0.0313  0.005085
    25/299     6.07G   0.04825   0.02386  0.004374   0.07648        14       640    0.3577    0.5786    0.4967     0.223   0.04406   0.02345  0.003811
    26/299     6.07G   0.04626   0.02351  0.004607   0.07437        14       640    0.2856    0.6207    0.4813    0.1692   0.04967   0.02235  0.003999
    27/299     6.07G     0.044   0.02411  0.003969   0.07208        14       640    0.3127    0.7025    0.6109    0.2464   0.04397   0.02258  0.003949
    28/299     6.07G   0.04529   0.02379  0.004207   0.07329        20       640    0.3824    0.6423    0.5427    0.2072   0.04491   0.02262  0.003959
    29/299     6.07G   0.04268   0.02306  0.003854    0.0696        12       640     0.364    0.6539    0.5415    0.2623   0.04339   0.02192  0.003805
    30/299     6.07G   0.04182   0.02343   0.00382   0.06907        14       640    0.2625     0.655    0.4396    0.1492   0.05013   0.02199  0.004295
    31/299     6.07G   0.04888   0.02179  0.004227    0.0749        10       640    0.3287    0.6559     0.553     0.223   0.04681   0.02172  0.004141
    32/299     6.07G   0.04709   0.02279  0.004096   0.07398        10       640    0.4131     0.653    0.5885    0.2358   0.04219    0.0225  0.004195
    33/299     6.07G   0.04458   0.02298  0.004264   0.07182         8       640    0.3066    0.6946    0.5822    0.2428   0.04308   0.02364  0.003836
    34/299     6.07G   0.04459   0.02192  0.003824   0.07033        12       640     0.416    0.6039    0.5501    0.2291   0.04305   0.02391   0.00491
    35/299     6.07G   0.04304   0.02288  0.004099   0.07001        11       640    0.2772    0.6334    0.5107    0.2261   0.04364   0.02278   0.00377
    36/299     6.07G   0.04319   0.02195  0.003859     0.069        11       640    0.3759    0.5675     0.534    0.2025   0.04405   0.02821  0.007174
    37/299     6.07G   0.04055   0.02244  0.003778   0.06677        14       640    0.3929    0.6446    0.5921    0.2434   0.04037   0.02444  0.003879
    38/299     6.07G   0.04135   0.02223  0.003363   0.06695         9       640    0.3994    0.6798    0.5809    0.2601   0.03722   0.02221  0.003208
    39/299     6.07G   0.04019   0.02101  0.003787   0.06498        11       640    0.3662    0.6807    0.6326    0.2895   0.04054   0.02286  0.003529
    40/299     6.07G   0.03858   0.02186  0.003736   0.06417         8       640    0.3426     0.692    0.6152    0.2815   0.03819   0.02521  0.002992
    41/299     6.07G   0.03783   0.02244  0.003023   0.06329        14       640    0.4118    0.7141    0.6645    0.3063   0.03722   0.02142  0.003321
    42/299     6.07G   0.03733   0.02266  0.003425   0.06341        15       640    0.3829    0.7098    0.6615    0.3193   0.03592   0.02399   0.00437
    43/299     6.07G   0.03629   0.02272  0.003292   0.06231        16       640    0.3056    0.6716    0.6109    0.2344   0.04137   0.02041  0.002816
    44/299     6.07G   0.03697   0.02288  0.003178   0.06303        13       640    0.3609    0.7398    0.7149    0.3215   0.03299   0.02059  0.002962
    45/299     6.07G   0.03541   0.02202  0.002978    0.0604         9       640    0.4249    0.6968    0.6355    0.2982   0.03348   0.02196  0.003001
    46/299     6.07G   0.03483   0.02132  0.002722   0.05887        18       640    0.4613    0.7184    0.7075     0.347   0.03312   0.02098  0.002796
    47/299     6.07G    0.0359   0.02018  0.003001   0.05908         7       640    0.3965    0.6456    0.6191    0.3044   0.03655   0.02332  0.002924
    48/299     6.07G   0.03574   0.02227  0.002539   0.06055        16       640    0.4197    0.7173     0.702    0.3212   0.03452   0.02195  0.002613
    49/299     6.07G   0.03331   0.02028   0.00274   0.05633         8       640    0.4322    0.7264    0.7008    0.3527   0.03265   0.02058  0.002463
    50/299     6.07G     0.033   0.02114  0.002705   0.05685        12       640    0.4994    0.7107    0.6888    0.3629   0.03084   0.01944  0.002444
    51/299     6.07G   0.03414   0.02061  0.002466   0.05722        13       640    0.4415    0.6565    0.7037    0.3372   0.03504   0.02585  0.002675
    52/299     6.07G   0.03492   0.02089  0.002368   0.05818        11       640    0.5142    0.7121    0.7005    0.3638   0.03088   0.01936  0.002847
    53/299     6.07G   0.03216   0.02021  0.002492   0.05486         9       640    0.5061    0.6471    0.7947    0.3761   0.03616    0.0242   0.00304
    54/299     6.07G   0.03206   0.02067  0.002354   0.05508         7       640    0.5126    0.7253    0.7191    0.3588   0.03302   0.01917  0.002581
    55/299     6.07G   0.03204   0.01988  0.002259   0.05417         7       640    0.5101    0.7209     0.719    0.3956   0.02991   0.01912  0.002325
    56/299     6.07G   0.03374   0.02038  0.002397   0.05652        17       640    0.4083    0.7152     0.695    0.3512   0.03499    0.0205  0.002659
    57/299     6.07G   0.03326   0.02049  0.002292   0.05604         7       640    0.5006    0.7341    0.8247    0.3992   0.03065    0.0202  0.002308
    58/299     6.07G   0.03185    0.0201  0.002059   0.05401        17       640    0.5705    0.6984    0.6864    0.3758   0.02985    0.0199  0.002754
    59/299     6.07G    0.0291   0.02102  0.002319   0.05244        16       640    0.5947    0.7251    0.7412     0.412   0.02879    0.0189  0.002685
    60/299     6.07G   0.03174    0.0193  0.002114   0.05315         6       640     0.487    0.7241    0.7814    0.4102   0.02886   0.01828  0.002279
    61/299     6.07G    0.0299   0.01908  0.002129   0.05111        12       640    0.7853    0.9786    0.9665    0.4559   0.02566    0.0192  0.002241
    62/299     6.07G   0.03031   0.01851  0.002156   0.05097         8       640    0.7947    0.9571    0.9262    0.5154   0.02631   0.01858  0.002258
    63/299     6.07G    0.0302   0.01922  0.002069   0.05149         9       640    0.5253    0.7125     0.714    0.3861   0.03015   0.01829  0.002304
    64/299     6.07G   0.03074   0.01905   0.00215   0.05194         8       640    0.7676    0.9693    0.9684    0.5115   0.02905   0.01805  0.002406
    65/299     6.07G   0.02955   0.01883  0.002056   0.05043        10       640    0.8208    0.9841    0.9806    0.5708   0.02596   0.01624  0.002219
    66/299     6.07G   0.02882   0.01929   0.00196   0.05007        11       640    0.7898    0.9773    0.9572    0.5713   0.02445   0.01782   0.00213
    67/299     6.07G   0.02783   0.01806  0.002112     0.048        13       640    0.8206    0.9809    0.9777    0.5652   0.02801   0.01632  0.001924
    68/299     6.07G   0.02879   0.01959  0.001902   0.05028        15       640    0.8103    0.9682    0.9647    0.5504   0.02924   0.01688  0.001979
    69/299     6.07G   0.02855   0.01923  0.001945   0.04972         8       640    0.8261    0.9571    0.9601    0.5559   0.02719   0.01685  0.002036
    70/299     6.07G   0.02899   0.01897  0.001988   0.04995        12       640    0.7878    0.9568    0.9521    0.5665   0.02594   0.01768  0.001957
    71/299     6.07G   0.03006   0.01839  0.001857    0.0503         6       640    0.7616    0.9627    0.9563    0.5444   0.02692   0.01855  0.001988
    72/299     6.07G   0.02859   0.01831  0.001818   0.04873        13       640     0.888     0.968    0.9771    0.5631   0.02686   0.01721  0.001937
    73/299     6.07G   0.02705   0.01826  0.001869   0.04718         9       640    0.7725    0.9485    0.9358    0.5078   0.02595   0.01562  0.001937
    74/299     6.07G   0.02718   0.01866  0.001861   0.04771        12       640    0.8254    0.9761    0.9719    0.5726   0.02386   0.01553  0.001862
    75/299     6.07G   0.02869   0.01872  0.001891    0.0493        11       640    0.8366    0.9798    0.9758    0.5854   0.02633   0.01723    0.0019
    76/299     6.07G    0.0272   0.01955  0.001957    0.0487        17       640    0.8038    0.9843    0.9801    0.5314   0.02518    0.0165  0.001946
    77/299     6.07G   0.02768   0.01896  0.001698   0.04834        15       640    0.8547    0.9898     0.985    0.5521   0.02639   0.01702  0.001834
    78/299     6.07G   0.02785   0.01853  0.001762   0.04814         8       640    0.8464    0.9798    0.9741    0.6327   0.02618   0.01997  0.001865
    79/299     6.07G   0.02645   0.01838  0.001709   0.04654         6       640    0.8153    0.9761    0.9667    0.5345   0.02511   0.01962  0.001958
    80/299     6.07G   0.02774   0.01855  0.001714   0.04801         7       640    0.8123    0.9886    0.9798    0.5173    0.0275   0.01622  0.001794
    81/299     6.07G   0.02808   0.01757  0.001675   0.04732         8       640    0.8521    0.9898    0.9726    0.5569   0.02298   0.01571  0.001785
    82/299     6.07G   0.02781   0.01803  0.001763   0.04761        11       640    0.8473    0.9841    0.9831    0.6313   0.02301   0.01621  0.001876
    83/299     6.07G   0.02561   0.01781  0.001919   0.04534        11       640    0.8548    0.9684    0.9593    0.6371   0.02352   0.01673  0.001765
    84/299     6.07G    0.0278   0.01857  0.001611   0.04798        14       640    0.7789    0.9883    0.9852    0.6018   0.02489    0.0157  0.001747
    85/299     6.07G   0.02686   0.01814  0.001745   0.04674        11       640    0.8474    0.9414    0.9225    0.5867   0.02369   0.01699  0.001746
    86/299     6.07G   0.02575   0.01699  0.001641   0.04438        11       640    0.8128    0.8962    0.9465    0.5337   0.02925   0.02693  0.002977
    87/299     6.07G   0.02599   0.01722  0.001611   0.04482        15       640    0.8932    0.9843    0.9856    0.6007   0.02385    0.0165  0.001695
    88/299     6.07G   0.02739   0.01801  0.001597     0.047        12       640    0.8731    0.9943    0.9915    0.6712    0.0229   0.01527  0.001687
    89/299     6.07G   0.02569   0.01763  0.001563   0.04488         8       640    0.8245    0.9757    0.9808    0.6516   0.02372   0.01845  0.001593
    90/299     6.07G   0.02432   0.01745   0.00169   0.04346        20       640    0.8716    0.9943    0.9878    0.5547   0.02311   0.01631  0.001518
    91/299     6.07G   0.02466   0.01728  0.001529   0.04346        10       640    0.8468         1    0.9925    0.5714   0.02447   0.01522   0.00153
    92/299     6.07G   0.02737   0.01722  0.001707    0.0463        11       640     0.864         1    0.9922    0.5647   0.02656   0.01616  0.001648
    93/299     6.07G   0.02662   0.01583  0.001717   0.04416         5       640     0.822    0.9705    0.9573    0.5958   0.02393   0.01935  0.001642
    94/299     6.07G   0.02442   0.01709  0.001562   0.04307        11       640    0.8839    0.9943    0.9862    0.6704   0.01982   0.01465  0.001441
    95/299     6.07G   0.02459   0.01665  0.001493   0.04274         9       640     0.917    0.9943    0.9892    0.6083   0.02263   0.01404  0.001553
    96/299     6.07G   0.02598   0.01674  0.001654   0.04438         4       640    0.8727    0.9844    0.9846    0.5672   0.02475   0.01894  0.001611
    97/299     6.07G    0.0244   0.01616  0.001449   0.04201        12       640     0.855    0.9886    0.9852     0.629   0.02137   0.01352  0.001468
    98/299     6.07G   0.02406   0.01677  0.001342   0.04217        12       640    0.8361    0.9959    0.9941    0.7067   0.02184   0.01465  0.001367
    99/299     6.07G   0.02489   0.01723  0.001368   0.04348         9       640    0.8717    0.9911    0.9906    0.6633   0.02143   0.01529  0.001391
   100/299     6.07G   0.02471   0.01646  0.002033    0.0432         9       640    0.7964    0.9957     0.984    0.6638   0.02312   0.01782  0.001527
   101/299     6.07G   0.02445   0.01617  0.001557   0.04218        15       640    0.8284         1    0.9932    0.6117   0.02373   0.01624    0.0015
   102/299     6.07G   0.02451   0.01688   0.00147   0.04285         8       640    0.7746         1     0.995    0.6755   0.02124   0.01448  0.001468
   103/299     6.07G    0.0241    0.0163  0.001485   0.04189        11       640    0.7918    0.9909    0.9936    0.6395    0.0232   0.01427   0.00155
   104/299     6.07G   0.02438   0.01572  0.001343   0.04145        11       640    0.8299    0.9898    0.9891    0.5945   0.02278   0.01566  0.001464
   105/299     6.07G   0.02441   0.01566  0.001409   0.04148         9       640    0.8687         1    0.9942    0.6137   0.02121   0.01473  0.001498
   106/299     6.07G   0.02308   0.01652  0.001441   0.04104        13       640    0.8743    0.9812    0.9678    0.6191   0.02214   0.01771  0.001527
   107/299     6.07G   0.02218    0.0152  0.001493   0.03888         8       640    0.8131    0.9841    0.9829    0.5064   0.02272   0.01615  0.001391
   108/299     6.07G   0.02382   0.01616  0.001484   0.04146        10       640    0.7843    0.9898    0.9822    0.5459   0.02157   0.01571  0.001397
   109/299     6.07G   0.02322    0.0152  0.001439   0.03986        12       640    0.8244    0.9798    0.9684    0.6753   0.02181   0.01703  0.001413
   110/299     6.07G   0.02377   0.01556  0.001303   0.04063         7       640     0.771         1    0.9954    0.5588   0.02085   0.01389  0.001408
   111/299     6.07G   0.02307   0.01616  0.001248   0.04047        14       640    0.7666    0.9955    0.9929    0.5911   0.02015   0.01508  0.001398
   112/299     6.07G   0.02393   0.01602  0.001339   0.04129        12       640     0.828         1    0.9953    0.5917   0.02051    0.0148  0.001407
   113/299     6.07G   0.02447   0.01508   0.00129   0.04085         5       640    0.8501         1    0.9956    0.6574   0.01868   0.01426  0.001409
   114/299     6.07G   0.02366   0.01556  0.001269   0.04049        12       640    0.7654         1    0.9949    0.6219   0.02122   0.01379  0.001328
   115/299     6.07G    0.0223   0.01584  0.001264    0.0394        14       640    0.7676    0.9943    0.9928    0.6532   0.02095   0.01458  0.001331
   116/299     6.07G   0.02259   0.01543   0.00131   0.03933         7       640    0.7765         1     0.995    0.6921   0.02137   0.01452  0.001325
   117/299     6.07G   0.02161   0.01539  0.001312   0.03831        11       640    0.8324    0.9898     0.989    0.6744   0.01982   0.01409  0.001304
   118/299     6.07G   0.02205   0.01573  0.001186   0.03896        12       640    0.8309         1    0.9942    0.6586   0.01992   0.01401  0.001288
   119/299     6.07G   0.02253   0.01567  0.001297    0.0395        11       640     0.822    0.9911    0.9943    0.6579   0.02035     0.015  0.001274
   120/299     6.07G   0.02351   0.01579  0.001303   0.04059         7       640    0.7372    0.9943    0.9821    0.6445   0.02041   0.01468  0.001259
   121/299     6.07G   0.02132   0.01506  0.001208   0.03759        13       640    0.8089    0.9943    0.9928    0.6923   0.02067   0.01525  0.001298
   122/299     6.07G   0.02103   0.01633  0.001273   0.03863        19       640    0.7834      0.99    0.9876    0.6915   0.02024   0.01563  0.001228
   123/299     6.07G   0.02254   0.01528   0.00131   0.03913         6       640    0.8224      0.99    0.9908    0.7006   0.01913   0.01477  0.001252
   124/299     6.07G   0.02226   0.01469  0.001297   0.03825        10       640    0.7971      0.99    0.9897    0.6811   0.01884   0.01538  0.001305
   125/299     6.07G   0.02142   0.01441  0.001263    0.0371         9       640    0.7877    0.9943    0.9922    0.6538   0.01905   0.01446  0.001252
   126/299     6.07G   0.02228   0.01496  0.001106   0.03834         6       640    0.7421    0.9898    0.9879    0.5976   0.01925   0.01367  0.001172
   127/299     6.07G   0.02077   0.01484  0.001121   0.03673        17       640      0.76         1    0.9952    0.6349   0.01761   0.01286   0.00118
   128/299     6.07G   0.02122   0.01404  0.001233   0.03649        15       640    0.7918         1    0.9956    0.6425   0.01909    0.0135   0.00124
   129/299     6.07G   0.02014   0.01447  0.001232   0.03585        15       640    0.7685         1    0.9952    0.6894   0.01883   0.01451   0.00112
   130/299     6.07G   0.02173   0.01464  0.001102   0.03747        12       640     0.717      0.99    0.9844    0.6676   0.01937   0.01488  0.001084
   131/299     6.07G   0.02188    0.0153  0.001044   0.03823        11       640    0.7935    0.9868    0.9848    0.6772   0.02076   0.01767  0.001179
   132/299     6.07G   0.02133    0.0152  0.001252   0.03778        18       640    0.8233      0.99    0.9874    0.6519   0.01964   0.01575  0.001209
   133/299     6.07G   0.02054   0.01459   0.00133   0.03645        10       640    0.7949    0.9886    0.9835    0.6512   0.01899   0.01394  0.001284
   134/299     6.07G   0.02042   0.01484  0.001083   0.03635         9       640    0.8257    0.9886    0.9809    0.7053   0.01804   0.01431  0.001176
   135/299     6.07G   0.02081   0.01472  0.001029   0.03656         9       640    0.8276    0.9886    0.9809    0.6839   0.01834   0.01316  0.001148
   136/299     6.07G   0.01995   0.01407  0.001148   0.03517         5       640    0.8004    0.9943    0.9859    0.6844    0.0175   0.01277  0.001151
   137/299     6.07G   0.02105   0.01475  0.001101    0.0369        11       640    0.8226    0.9943    0.9884    0.6497   0.01788   0.01293  0.001167
   138/299     6.07G   0.01948   0.01419  0.001022    0.0347        12       640    0.7671         1    0.9916    0.5993   0.01883   0.01432  0.001108
   139/299     6.07G   0.02013   0.01421 0.0009625    0.0353        15       640    0.8068         1    0.9931    0.6118   0.01817   0.01346  0.001047
   140/299     6.07G   0.02142   0.01433  0.001062   0.03681        10       640    0.7691    0.9545    0.9283    0.5385   0.01975   0.01317  0.001198
   141/299     6.07G   0.01995   0.01377  0.001271   0.03499         9       640    0.8407         1    0.9956    0.5989   0.01779   0.01249  0.001358
   142/299     6.07G   0.01987   0.01334  0.001096    0.0343        12       640    0.8348         1    0.9957    0.6159   0.01748   0.01243  0.001163
   143/299     6.07G   0.01974   0.01408   0.00103   0.03485         4       640     0.824     0.983    0.9809    0.6549   0.01877   0.01219  0.001047
   144/299     6.07G   0.02019    0.0142  0.001095   0.03549        14       640    0.8268      0.99    0.9899    0.6509   0.01984   0.01484  0.001071
   145/299     6.07G   0.01993   0.01409  0.001127   0.03515        11       640    0.6687    0.7341     0.794     0.557   0.01845   0.01359  0.001091
   146/299     6.07G   0.01864   0.01351  0.001112   0.03326        10       640    0.8308    0.9943     0.988     0.539   0.01985   0.01402  0.001046
   147/299     6.07G   0.01976    0.0139   0.00106   0.03472        20       640    0.8367         1    0.9953    0.6568   0.01842   0.01437  0.001042
   148/299     6.07G   0.02053   0.01427  0.001066   0.03587        23       640    0.8398         1    0.9956    0.6029   0.01722   0.01355  0.001062
   149/299     6.07G   0.01907   0.01387  0.001031   0.03397         8       640    0.8431    0.9943    0.9892    0.6156   0.01713   0.01207  0.001076
   150/299     6.07G   0.01877   0.01306   0.00106   0.03289         8       640    0.8445    0.9957    0.9928    0.6442   0.01824   0.01571  0.001145
   151/299     6.07G   0.02009   0.01302   0.00101   0.03412         9       640    0.8273    0.9957    0.9907    0.6132   0.01945    0.0153   0.00112
   152/299     6.07G   0.02027   0.01349 0.0009732   0.03473         6       640    0.8208    0.9957    0.9946    0.6522   0.01667    0.0128  0.001053
   153/299     6.07G   0.01925   0.01365 0.0009748   0.03388        13       640    0.7954         1    0.9957    0.6639   0.01564   0.01142  0.001045
   154/299     6.07G   0.01867   0.01335  0.001019   0.03304        13       640    0.7741         1    0.9956     0.651   0.01589   0.01078  0.001029
   155/299     6.07G   0.01955   0.01366 0.0009663   0.03418         7       640    0.8496         1    0.9954    0.6147    0.0179   0.01199  0.001027
   156/299     6.07G    0.0206   0.01342 0.0009825   0.03501        12       640    0.8536         1    0.9952    0.7112   0.01641   0.01247  0.001047
   157/299     6.07G   0.01815   0.01355 0.0009829   0.03268         5       640    0.8265    0.9943    0.9887    0.6607   0.01535    0.0116  0.001071
   158/299     6.07G   0.01815   0.01272  0.001068   0.03193        13       640    0.8323         1    0.9957    0.6785   0.01543   0.01298  0.001085
   159/299     6.07G   0.01845   0.01348 0.0009678    0.0329        12       640    0.8395    0.9943    0.9897    0.7421    0.0152   0.01144  0.001038
   160/299     6.07G   0.01977   0.01345 0.0009227   0.03414        12       640     0.836    0.9886     0.979     0.701   0.01601   0.01181 0.0009919
   161/299     6.07G   0.01798     0.014 0.0008995   0.03288        15       640    0.7862    0.9886    0.9816    0.6938   0.01541   0.01098 0.0009636
   162/299     6.07G   0.01784   0.01247 0.0009269   0.03124        12       640    0.7977    0.9943    0.9897    0.6839    0.0147   0.01109 0.0009876
   163/299     6.07G   0.01818   0.01283 0.0009215   0.03193        12       640    0.8325         1    0.9955     0.661   0.01567   0.01147   0.00104
   164/299     6.07G   0.01888   0.01328 0.0008908   0.03305        20       640    0.8421    0.9886    0.9817    0.6422     0.015   0.01055  0.001014
   165/299     6.07G   0.01796   0.01349  0.000847    0.0323        10       640    0.8511         1    0.9954    0.6686   0.01486   0.01112  0.000979
   166/299     6.07G   0.01789   0.01306 0.0008752   0.03183        15       640    0.8014    0.9886    0.9788    0.6398   0.01662   0.01149 0.0009381
   167/299     6.07G   0.01866   0.01321 0.0008823   0.03275         9       640    0.8352    0.9943    0.9876    0.6555   0.01593   0.01123 0.0009682
   168/299     6.07G   0.01913   0.01306 0.0009916   0.03318         8       640    0.8102         1    0.9957     0.648   0.01552   0.01172  0.001006
   169/299     6.07G   0.01712   0.01305 0.0009441   0.03112        18       640    0.8168         1    0.9957    0.6472   0.01538   0.01229 0.0009851
   170/299     6.07G   0.01739   0.01241 0.0008474   0.03065         9       640    0.8416         1    0.9957    0.6722   0.01478   0.01128 0.0009312
   171/299     6.07G   0.01729    0.0119 0.0008453   0.03003         7       640    0.8271    0.9943    0.9882    0.6522   0.01692    0.0123 0.0009213
   172/299     6.07G   0.01757   0.01245 0.0008542   0.03088         9       640    0.8302    0.9943    0.9875    0.6687   0.01644   0.01217 0.0008886
   173/299     6.07G   0.01691   0.01202 0.0008584   0.02978        12       640    0.8394    0.9943    0.9874    0.7177   0.01499   0.01151 0.0008976
   174/299     6.07G   0.01733   0.01197 0.0008573   0.03016        10       640    0.8087    0.9755    0.9753    0.6655   0.01762   0.01766  0.001001
   175/299     6.07G   0.01813   0.01267 0.0009136   0.03171        13       640    0.8392      0.99    0.9869    0.6462   0.01739   0.01272  0.000906
   176/299     6.07G   0.01779   0.01303 0.0009112   0.03173        17       640    0.8511    0.9943    0.9893    0.6533   0.01492   0.01105 0.0009135
   177/299     6.07G   0.01711   0.01329  0.000837   0.03123        11       640    0.8432    0.9943     0.989    0.6245   0.01467    0.0111 0.0008759
   178/299     6.07G   0.01652   0.01237  0.000841   0.02973        15       640    0.8443      0.99    0.9885    0.6743   0.01456   0.01243 0.0008668
   179/299     6.07G   0.01719   0.01164 0.0008069   0.02964         8       640    0.8479         1    0.9958    0.6835   0.01405   0.01193  0.000846
   180/299     6.07G   0.01727   0.01243 0.0008456   0.03054        13       640    0.8636         1    0.9958    0.6313   0.01417   0.01109 0.0008659
   181/299     6.07G   0.01684   0.01196 0.0009093   0.02971         6       640    0.8595    0.9943    0.9874    0.6473   0.01463   0.01075 0.0008693
   182/299     6.07G   0.01646   0.01204 0.0008114   0.02931        12       640    0.8538    0.9943    0.9873    0.6743   0.01453   0.01116 0.0008556
   183/299     6.07G   0.01678   0.01226  0.000809   0.02985         6       640    0.8423    0.9943     0.987    0.6802   0.01454   0.01082 0.0008385
   184/299     6.07G   0.01707   0.01224 0.0008474   0.03016         8       640     0.839         1    0.9958    0.7074   0.01398   0.01095 0.0008267
   185/299     6.07G   0.01619   0.01134 0.0007761    0.0283         9       640    0.8597    0.9943    0.9882    0.6703    0.0141   0.01075 0.0008114
   186/299     6.07G   0.01579    0.0122  0.000764   0.02875        11       640    0.8513    0.9943    0.9887    0.6668   0.01337   0.01004 0.0008251
   187/299     6.07G   0.01656   0.01193 0.0007481   0.02924         7       640    0.8622    0.9943    0.9886    0.6798   0.01389   0.01018 0.0008225
   188/299     6.07G   0.01771   0.01242 0.0007993   0.03093        11       640    0.8666    0.9943    0.9879    0.7326   0.01366   0.01035 0.0008087
   189/299     6.07G   0.01578   0.01179 0.0007621   0.02833        10       640    0.8628    0.9943    0.9863    0.7091   0.01371   0.01065 0.0007873
   190/299     6.07G   0.01585   0.01193 0.0008573   0.02864         8       640    0.8496    0.9943     0.986    0.6587   0.01291   0.01162 0.0007958
   191/299     6.07G   0.01609   0.01188 0.0007894   0.02877        13       640    0.8584    0.9943    0.9868    0.6602   0.01342   0.01091  0.000806
   192/299     6.07G   0.01581   0.01201 0.0007342   0.02856         7       640     0.856    0.9943    0.9882    0.7108   0.01417   0.01165  0.000787
   193/299     6.07G   0.01568   0.01197 0.0007034   0.02835         7       640    0.8444    0.9943    0.9896    0.7243   0.01319   0.01171 0.0007466
   194/299     6.07G   0.01565   0.01215 0.0007817   0.02858        16       640    0.8385    0.9943    0.9888    0.6912   0.01335   0.01104 0.0007542
   195/299     6.07G   0.01539   0.01189 0.0007242   0.02801        15       640    0.8577    0.9943    0.9889    0.6985   0.01429   0.01147 0.0007489
   196/299     6.07G   0.01625   0.01198 0.0007447   0.02898         8       640    0.8523    0.9943    0.9883    0.7096   0.01303   0.01116 0.0008081
   197/299     6.07G   0.01497   0.01209 0.0007364    0.0278        16       640    0.8403    0.9943    0.9883    0.7138   0.01322   0.01121 0.0008175
   198/299     6.07G   0.01526   0.01163 0.0006916   0.02758         9       640    0.8461    0.9943    0.9888    0.7186   0.01297   0.01064 0.0007642
   199/299     6.07G   0.01587   0.01176  0.000742   0.02837        12       640    0.8481    0.9943    0.9878    0.7171   0.01325   0.01065 0.0007501
   200/299     6.07G   0.01569   0.01187 0.0006947   0.02826        11       640    0.8441    0.9898    0.9891    0.7003   0.01366   0.01089 0.0007435
   201/299     6.07G   0.01572   0.01141 0.0007518   0.02789         6       640    0.8476    0.9943    0.9888    0.6928   0.01288   0.01026 0.0007624
   202/299     6.07G   0.01555   0.01124 0.0007527   0.02755        17       640    0.8501         1    0.9958    0.7167   0.01303    0.0104 0.0008088
   203/299     6.07G   0.01492   0.01097 0.0006801   0.02656        11       640    0.8407    0.9943    0.9897    0.7452   0.01309   0.01079 0.0007797
   204/299     6.07G    0.0153   0.01134 0.0007133   0.02736        14       640    0.8553    0.9943    0.9897    0.7212   0.01349   0.01021 0.0007593
   205/299     6.07G   0.01469    0.0115 0.0006448   0.02683        11       640    0.8573         1    0.9958     0.739   0.01314    0.0108 0.0007443
   206/299     6.07G   0.01491   0.01034 0.0006725   0.02592         8       640    0.8133    0.9943    0.9893    0.7676   0.01257   0.01044 0.0007507
   207/299     6.07G   0.01459    0.0112 0.0006491   0.02644        16       640    0.8094    0.9943     0.989    0.7795    0.0125   0.01094 0.0007301
   208/299     6.07G   0.01544   0.01134 0.0006511   0.02742        10       640    0.8593    0.9943    0.9893    0.7368   0.01267   0.01092 0.0007239
   209/299     6.07G   0.01467   0.01138 0.0007148   0.02677        12       640    0.8573    0.9943    0.9891     0.756   0.01214  0.009896 0.0007209
   210/299     6.07G    0.0143   0.01156 0.0007241   0.02658         9       640     0.861         1    0.9958    0.7199    0.0126    0.0101 0.0007087
   211/299     6.07G   0.01434   0.01161 0.0006975   0.02665         9       640    0.8625    0.9943    0.9868    0.7261    0.0126   0.01047  0.000692
   212/299     6.07G   0.01492   0.01078 0.0006348   0.02634        13       640    0.8698         1    0.9959    0.6979   0.01233   0.01142 0.0006966
   213/299     6.07G   0.01455   0.01118 0.0006608   0.02639        13       640    0.8556    0.9943    0.9865    0.7144   0.01234   0.01042 0.0007211
   214/299     6.07G   0.01479   0.01125  0.000641   0.02667         8       640    0.8546         1    0.9958    0.7498   0.01263   0.01039   0.00072
   215/299     6.07G   0.01518   0.01094  0.000606   0.02673         6       640    0.8511    0.9943     0.987    0.7241   0.01277    0.0105 0.0006939
   216/299     6.07G   0.01532   0.01158 0.0006375   0.02754        11       640    0.8571         1    0.9958    0.7631   0.01191   0.01063  0.000685
   217/299     6.07G   0.01442   0.01111 0.0006365   0.02617         9       640    0.8504    0.9943    0.9861    0.7747   0.01252    0.0108  0.000694
   218/299     6.07G   0.01412    0.0118  0.000661   0.02658        14       640    0.8596         1    0.9958    0.7512    0.0123   0.01097 0.0006987
   219/299     6.07G   0.01407   0.01116 0.0006459   0.02587         9       640    0.8613         1    0.9958    0.7519   0.01221   0.01045 0.0006945
   220/299     6.07G   0.01409   0.01068 0.0005982   0.02537         7       640    0.8548    0.9943    0.9863    0.7464    0.0127   0.01034 0.0006703
   221/299     6.07G   0.01417   0.01074 0.0005822    0.0255         4       640    0.8503         1    0.9958    0.7366    0.0129   0.01031  0.000661
   222/299     6.07G   0.01439   0.01054 0.0005977   0.02553        11       640     0.859    0.9943    0.9872    0.7589   0.01207   0.01184 0.0006656
   223/299     6.07G   0.01396    0.0105 0.0006375    0.0251         9       640    0.8484    0.9943    0.9868    0.7497   0.01263   0.01144 0.0006551
   224/299     6.07G   0.01409   0.01084 0.0006289   0.02556        16       640    0.8551    0.9943    0.9868    0.7713   0.01282   0.01084 0.0006423
   225/299     6.07G   0.01386   0.01082 0.0006643   0.02535         9       640    0.8598         1    0.9959    0.7214   0.01205    0.0107 0.0006381
   226/299     6.07G   0.01376    0.0105 0.0006208   0.02488        12       640    0.8535    0.9943    0.9867    0.7379   0.01299   0.01118 0.0006403
   227/299     6.07G   0.01388   0.01071 0.0006204   0.02521         5       640    0.8635         1    0.9959    0.7522   0.01222   0.01006 0.0006305
   228/299     6.07G   0.01448   0.01086 0.0006092   0.02595         7       640     0.838    0.9943    0.9872    0.7486   0.01262   0.01016 0.0006322
   229/299     6.07G   0.01383   0.01013 0.0005741   0.02453         4       640    0.8578    0.9943    0.9871    0.7466   0.01222   0.01008 0.0006289
   230/299     6.07G   0.01308   0.01036 0.0005597     0.024        14       640    0.8633         1    0.9958    0.7587   0.01156  0.009807 0.0006088
   231/299     6.07G   0.01344   0.01053 0.0005793   0.02455         8       640    0.8508    0.9943    0.9873    0.7293   0.01259   0.01002 0.0005933
   232/299     6.07G   0.01384   0.01069  0.000628   0.02516         7       640    0.8678         1    0.9958    0.7812   0.01174  0.009693  0.000595
   233/299     6.07G   0.01313   0.01026 0.0005343   0.02393        11       640    0.8684         1    0.9955    0.7439   0.01222  0.009694 0.0005852
   234/299     6.07G   0.01395   0.01106 0.0006127   0.02562        10       640     0.856    0.9943    0.9873    0.7209   0.01174      0.01 0.0005842
   235/299     6.07G   0.01349   0.01063 0.0006069   0.02473        14       640    0.8528    0.9943    0.9862    0.7275   0.01209   0.01066 0.0005765
   236/299     6.07G   0.01327   0.01011 0.0005442   0.02392        13       640     0.857    0.9943    0.9866    0.7247    0.0118   0.01077 0.0005891
   237/299     6.07G   0.01356   0.01035 0.0005483   0.02445         9       640    0.8574    0.9943    0.9874    0.7561   0.01172   0.01049 0.0005971
   238/299     6.07G   0.01368   0.01009 0.0005616   0.02432         8       640    0.8587    0.9943     0.988    0.7648   0.01196   0.01104 0.0005952
   239/299     6.07G   0.01266  0.009467 0.0005168   0.02265         8       640    0.8524         1    0.9958    0.7492   0.01193   0.01026 0.0005878
   240/299     6.07G   0.01284  0.009923 0.0005354    0.0233        11       640    0.8505    0.9943    0.9877    0.7749   0.01123   0.01077 0.0005729
   241/299     6.07G   0.01324   0.01039 0.0005037   0.02414        10       640    0.8531         1    0.9958    0.7653   0.01148   0.01106 0.0005739
   242/299     6.07G   0.01341   0.01063 0.0005791   0.02462        14       640    0.8581    0.9943    0.9871     0.753   0.01172   0.01024 0.0005654
   243/299     6.07G   0.01305   0.01054 0.0005098    0.0241        10       640    0.8615    0.9943    0.9871    0.7874   0.01172   0.01086 0.0005661
   244/299     6.07G   0.01288   0.00986 0.0005097   0.02325         6       640    0.8521    0.9943    0.9875    0.7659   0.01116   0.01087 0.0005764
   245/299     6.07G   0.01296  0.009912  0.000503   0.02338         5       640    0.8574    0.9943    0.9875    0.7573   0.01129    0.0106 0.0005892
   246/299     6.07G   0.01277   0.01019 0.0005673   0.02353        13       640    0.8557    0.9943    0.9871    0.7715   0.01121   0.01031 0.0005754
   247/299     6.07G    0.0128   0.01091 0.0005533   0.02427        12       640    0.8575    0.9943    0.9874    0.7718   0.01176  0.009684 0.0005759
   248/299     6.07G     0.013   0.01084 0.0005609    0.0244        13       640    0.8524    0.9943    0.9881     0.769   0.01119  0.009849 0.0005624
   249/299     6.07G   0.01219   0.01027 0.0005011   0.02296        11       640     0.861    0.9943    0.9881    0.7559   0.01159   0.01014 0.0005582
   250/299     6.07G    0.0126   0.01006 0.0004982   0.02315        15       640    0.8562    0.9943     0.988    0.7396   0.01136   0.01073 0.0005439
   251/299     6.07G   0.01242   0.01015 0.0004887   0.02306         9       640     0.859    0.9943    0.9887    0.7534   0.01207   0.01009 0.0005311
   252/299     6.07G   0.01307   0.01039 0.0005013   0.02396         9       640    0.8588    0.9943    0.9889    0.7745   0.01119  0.009448 0.0005291
   253/299     6.07G   0.01257   0.01018 0.0005115   0.02327        14       640    0.8553    0.9943    0.9887    0.7855   0.01123  0.009653 0.0005298
   254/299     6.07G    0.0124   0.01008 0.0005205     0.023        13       640    0.8512    0.9943    0.9884     0.791   0.01096  0.009374 0.0005335
   255/299     6.07G   0.01246  0.009791 0.0004768   0.02273         7       640    0.8555    0.9943    0.9879    0.7944   0.01066  0.009301 0.0005309
   256/299     6.07G   0.01249  0.009749 0.0004813   0.02272         9       640    0.8577    0.9943    0.9874    0.7672   0.01092    0.0102 0.0005379
   257/299     6.07G   0.01261   0.01077  0.000492   0.02387        18       640     0.857         1    0.9959    0.7653   0.01108   0.01038 0.0005326
   258/299     6.07G   0.01227  0.009838   0.00047   0.02257        13       640    0.8546    0.9943    0.9874     0.762   0.01166   0.01172 0.0005355
   259/299     6.07G   0.01231   0.01007 0.0004703   0.02285        13       640    0.8541         1    0.9959    0.7866   0.01117   0.01132 0.0005228
   260/299     6.07G   0.01237  0.009617 0.0004687   0.02246        12       640    0.8627    0.9943    0.9876    0.7854   0.01149   0.01054 0.0005204
   261/299     6.07G   0.01197  0.009717 0.0004498   0.02213        10       640    0.8573    0.9943    0.9871    0.7985   0.01083   0.01019 0.0005193
   262/299     6.07G   0.01223  0.009914 0.0004733   0.02262         6       640    0.8554    0.9943    0.9869    0.7968   0.01032   0.01027 0.0005119
   263/299     6.07G   0.01211   0.01018 0.0004506   0.02274        15       640    0.8546    0.9943    0.9868    0.8288   0.01022   0.01071 0.0005049
   264/299     6.07G   0.01294  0.009407 0.0004757   0.02283         4       640    0.8665         1    0.9959      0.81  0.009826  0.009901 0.0004989
   265/299     6.07G   0.01277  0.009753 0.0004849   0.02301         5       640     0.861    0.9943    0.9869     0.803   0.01045   0.01037 0.0005134
   266/299     6.07G   0.01195  0.009754 0.0005023   0.02221        15       640    0.8663         1    0.9959    0.7881   0.01089   0.01049 0.0005147
   267/299     6.07G   0.01238  0.009567  0.000465   0.02241        13       640    0.8652         1    0.9959    0.7731   0.01064   0.01166 0.0005203
   268/299     6.07G   0.01208    0.0098 0.0005105   0.02239         4       640    0.8648         1    0.9959    0.7688   0.01055   0.01085 0.0005135
   269/299     6.07G   0.01202  0.009998  0.000435   0.02245        16       640    0.8614    0.9943    0.9869     0.795    0.0109   0.01089 0.0005083
   270/299     6.07G   0.01191   0.00959 0.0004525   0.02196         3       640    0.8594    0.9943    0.9863    0.7906   0.01121   0.01016 0.0005023
   271/299     6.07G   0.01216  0.009949 0.0004597   0.02256        12       640     0.857    0.9943    0.9864    0.7724   0.01042  0.009235 0.0004997
   272/299     6.07G   0.01219  0.009396  0.000487   0.02207         7       640    0.8615    0.9943    0.9866    0.7687   0.01049  0.009112 0.0004931
   273/299     6.07G   0.01184   0.01012 0.0004475   0.02241        11       640    0.8618    0.9943    0.9876    0.8026   0.01058  0.009154 0.0004909
   274/299     6.07G   0.01162  0.009492 0.0004636   0.02158        16       640    0.8598    0.9943    0.9873    0.7711    0.0106  0.009137 0.0004877
   275/299     6.07G    0.0115  0.009876 0.0004727   0.02185        12       640    0.8609    0.9943    0.9876    0.7957   0.01011  0.009472 0.0004838
   276/299     6.07G   0.01169  0.009368 0.0004368   0.02149        12       640    0.8627    0.9943    0.9876    0.8023   0.01029  0.009761 0.0004787
   277/299     6.07G   0.01184  0.009958 0.0004219   0.02222        12       640    0.8594    0.9943    0.9882    0.7912   0.01083  0.009588 0.0004669
   278/299     6.07G   0.01186  0.009827 0.0004528   0.02214        11       640    0.8557    0.9943    0.9878    0.8014   0.01011  0.009565 0.0004648
   279/299     6.07G   0.01153    0.0101  0.000454   0.02208         9       640    0.8546    0.9943    0.9878    0.7678   0.01064   0.01035  0.000469
   280/299     6.07G    0.0117  0.009192 0.0004247   0.02131        12       640    0.8611    0.9943    0.9876    0.8129   0.01024   0.01136 0.0004768
   281/299     6.07G   0.01202  0.009628 0.0004325   0.02208         7       640    0.8563    0.9943    0.9867    0.7956   0.01057  0.009788 0.0004692
   282/299     6.07G   0.01218  0.009964  0.000421   0.02257         7       640    0.8577         1     0.996    0.7969   0.01102   0.01146 0.0004754
   283/299     6.07G   0.01213  0.009812  0.000417   0.02236        15       640    0.8562    0.9943    0.9864    0.7952   0.01101   0.01149 0.0004853
   284/299     6.07G   0.01148  0.009407 0.0004452   0.02133        11       640    0.8577    0.9943    0.9869    0.7886   0.01121   0.01084 0.0004895
   285/299     6.07G   0.01163  0.009364 0.0004207   0.02141         9       640    0.8616    0.9943    0.9873    0.8141   0.01097   0.01135 0.0004885
   286/299     6.07G    0.0113  0.008954 0.0005044   0.02076         9       640    0.8574    0.9943    0.9869    0.7916   0.01089  0.009847 0.0004867
   287/299     6.07G   0.01155  0.009408 0.0004352   0.02139        10       640    0.8603    0.9943    0.9868    0.7899   0.01099   0.01019 0.0004838
   288/299     6.07G   0.01194  0.009481 0.0004685   0.02189        16       640    0.8587    0.9943    0.9863    0.7749   0.01073   0.01078 0.0004866
   289/299     6.07G   0.01135  0.009333 0.0004298   0.02111         7       640    0.8594    0.9943    0.9863    0.7735   0.01043   0.01054 0.0004782
   290/299     6.07G   0.01144  0.009357 0.0004621   0.02126         6       640    0.8593    0.9943    0.9864    0.8021   0.01042   0.01097 0.0004673
   291/299     6.07G   0.01174  0.009443 0.0004609   0.02164         9       640    0.8586    0.9943    0.9864    0.7915   0.01082   0.01133 0.0004634
   292/299     6.07G   0.01154  0.009725 0.0004052   0.02167        12       640    0.8603    0.9943    0.9863    0.8246   0.01083   0.01169 0.0004632
   293/299     6.07G   0.01136  0.009099 0.0003904   0.02085        11       640    0.8599    0.9943    0.9862    0.8218   0.01027   0.01098  0.000456
   294/299     6.07G   0.01146  0.009052 0.0004077   0.02092        11       640    0.8597    0.9943    0.9863    0.8012   0.01067   0.01094 0.0004559
   295/299     6.07G   0.01155   0.00935 0.0004163   0.02132         6       640    0.8591    0.9943    0.9859    0.7763   0.01056    0.0116  0.000465
   296/299     6.07G   0.01193  0.009557 0.0004155    0.0219        11       640    0.8654    0.9943    0.9858     0.789   0.01108   0.01059 0.0004723
   297/299     6.07G   0.01114  0.008846 0.0004388   0.02042         7       640    0.8604    0.9943    0.9866    0.8023   0.01061   0.01046 0.0004719
   298/299     6.07G   0.01139  0.009286 0.0003943   0.02107        14       640    0.8651         1    0.9959    0.8266   0.01055   0.01037 0.0004662
   299/299     6.07G   0.01142  0.009826 0.0004093   0.02165        11       640    0.8584    0.9943    0.9873    0.7837   0.01084   0.01072 0.0004662
